$ANSIBLE_VAULT;1.1;AES256
62613034666563653036386164616131323066336636643837326630306432306266393531333464
3165636161376437613464333538623237623933393030660a356562363937636465313535373136
66346633643730353366306630383836666430383764386138663763666435373633386339303663
6131363136636630630a613539663135343566346566303937326464616634393039323765383766
38336531313261646533363764373539626161323465393233373830363836356138386631303935
39663836646633643133363865336365353638393530653933346133343436333530323934653039
63616362333661336531313535356436353161373937373464313835613331333035396330326131
65383830313261316334383863343736316631323038643866393236623532643864376466333937
63323435356435353661323133616334343366613935626532306332333039616263306132656536
66633638346462386361623566333664336166393130366339643032633935353165646238323063
32346238623966373863633862333961326435396633353735366165336133336232346338346630
64636666623764376565306566393162363530326636373239313835313265363266383663396462
30653361616233393736353536373236393734356432643135613862303866303434333166396331
66353735353862313739666536336165393937613564636534343038366135303335396531356562
35356661303239336263353064663534373539653736306139303536336464383462333361636431
39653533383031303535303234653765363365613633333533633738366632383730393661616131
6265
